000000fa
4032
6957
82
(0000000161EE07C50A011BCB)
2  1


000000fa
5424
6958
82
(0000000161F007C50A011BC5)
2  1


000000fa
10484
6959
82
(0000000161F207C50A01196A)
2  1


000000fa
38806
6960
00
(000000016742E01EDA02D049)
0  0


000000fa
1498
6961
82
(0000000161E204C50A011DD7)
2  1


000000fa
4500
6962
02
(0000000161E406C50A0179CD)
2  0


000000fa
10742
6963
02
(0000000161E607C50A016EF5)
2  0


000000fa
5530
6964
82
(0000000161E807C50A05D583)
2  1


000000fa
3898
6965
02
(0000000161EA07C50A05D5C4)
2  0


000000fa
4072
6966
02
(0000000161EC07C50A011BCB)
2  0


000000fa
9222
6967
02
(0000000161EE07C50A0119CD)
2  0


000000fa
5626
6968
82
(0000000161F007C50A01567E)
2  1


000000fa
4384
6969
82
(0000000161F207C50A05F888)
2  1


000000fa
32708
6970
80
(000000016742E01EDA02D049)
0  1


000000fa
1804
6971
82
(0000000161E204C50A01107D)
2  1


000000fa
10490
6972
82
(0000000161E406C50A060235)
2  1


000000fa
5638
6973
02
(0000000161E607C50A064233)
2  0


000000fa
31692
6974
82
(0000000161E807C50A030DF3)
2  1


000000fa
15738
6975
82
(0000000161EA04C50A05C7E2)
2  1


000000fa
25652
6976
82
(0000000161EC06C50A0E88C5)
2  1


000000fa
16820
6977
82
(0000000161EE07C50A0455BC)
2  1


000000fa
14086
6978
02
(0000000161F007C50A040232)
2  0


000000fa
12128
6979
02
(0000000161F207C50A0E88D6)
2  0


000000fa
56896
6980
00
(000000016742E01EDA02D049)
0  0


000000fa
3650
6981
82
(0000000161E204C50A0111B8)
2  1


000000fa
7988
6982
02
(0000000161E406C50A011BC1)
2  0


000000fa
10468
6983
82
(0000000161E607C50A0D6E06)
2  1


000000fa
13808
6984
82
(0000000161E807C50A045B8A)
2  1


000000fa
12014
6985
02
(0000000161EA07C50A0EEFF3)
2  0


000000fa
11064
6986
82
(0000000161EC07C50A04988C)
2  1


000000fa
13110
6987
02
(0000000161EE07C50A030D60)
2  0


000000fa
18594
6988
02
(0000000161F007C50A0D08E4)
2  0


000000fa
17582
6989
82
(0000000161F207C50A0E88E5)
2  1


000000fa
56438
6990
80
(000000016742E01EDA02D049)
0  1


000000fa
3218
6991
82
(0000000161E204C50A010FB8)
2  1


000000fa
10922
6992
82
(0000000161E406C50A0E88F1)
2  1


000000fa
9054
6993
82
(0000000161E607C50A0E88F1)
2  1


000000fa
7554
6994
02
(0000000161E807C50A0E88F1)
2  0


000000fa
8124
6995
82
(0000000161EA07C50A0E88F1)
2  1


000000fa
10262
6996
82
(0000000161EC07C50A0E88F1)
2  1


000000fa
7446
6997
82
(0000000161EE07C50A0E88F1)
2  1


000000fa
5662
6998
02
(0000000161F007C50A0E88F1)
2  0


000000fa
5474
6999
82
(0000000161F207C50A0E88F1)
2  1


000000fa
48104
7000
80
(000000016742E01EDA02D049)
0  1


000000fa
4388
7001
02
(0000000161E204C50A02D44E)
2  0


000000fa
6918
7002
02
(0000000161E406C50A011DD5)
2  0


000000fa
8294
7003
02
(0000000161E607C50A011BC2)
2  0


000000fa
11556
7004
02
(0000000161E807C50A01127E)
2  0


000000fa
14018
7005
82
(0000000161EA07C50A02D466)
2  1


000000fa
9112
7006
82
(0000000161EC07C50A010F11)
2  1


000000fa
6744
7007
82
(0000000161EE07C50A0D08C5)
2  1


000000fa
6226
7008
82
(0000000161F007C50A04A237)
2  1


000000fa
10840
7009
02
(0000000161F207C50A0D08D5)
2  0


000000fa
49656
7010
80
(000000016742E01EDA02D049)
0  1


000000fa
2242
7011
82
(0000000161E204C50A01995B)
2  1


000000fa
7154
7012
82
(0000000161E406C50A0D88CB)
2  1


000000fa
11618
7013
82
(0000000161E607C50A02D9F5)
2  1


000000fa
7514
7014
82
(0000000161E807C50A011BC9)
2  1


000000fa
6672
7015
02
(0000000161EA07C50A0D6220)
2  0


000000fa
9264
7016
02
(0000000161EC07C50A010E7C)
2  0


000000fa
9566
7017
82
(0000000161EE07C50A0D6E15)
2  1


000000fa
10148
7018
02
(0000000161F007C50A02D6A0)
2  0


000000fa
13684
7019
02
(0000000161F207C50A05DB93)
2  0


000000fa
49624
7020
80
(000000016742E01EDA02D049)
0  1


000000fa
6176
7021
82
(0000000161E204C50A02D1F5)
2  1


000000fa
7582
7022
02
(0000000161E406C50A011BC1)
2  0


000000fa
9364
7023
82
(0000000161E607C50A05C7C5)
2  1


000000fa
6344
7024
02
(0000000161E807C50A05BA81)
2  0


000000fa
7396
7025
02
(0000000161EA07C50A05C7CD)
2  0


000000fa
11922
7026
02
(0000000161EC07C50A010E23)
2  0


000000fa
7546
7027
82
(0000000161EE07C50A05D118)
2  1


000000fa
8602
7028
02
(0000000161F007C50A030DE0)
2  0


000000fa
3298
7029
82
(0000000161F207C50A02D1F2)
2  1


000000fa
28538
7030
80
(000000016742E01EDA02D049)
0  1


000000fa
2366
7031
82
(0000000161E204C50A030D60)
2  1


000000fa
12418
7032
02
(0000000161E406C50A011BDF)
2  0


000000fa
5778
7033
02
(0000000161E607C50A0113A9)
2  0


000000fa
3794
7034
02
(0000000161E807C50A01107C)
2  0


000000fa
4598
7035
02
(0000000161EA07C50A011DC9)
2  0


000000fa
9012
7036
02
(0000000161EC07C50A0179C5)
2  0


000000fa
4714
7037
82
(0000000161EE07C50A0306E0)
2  1


000000fa
3182
7038
02
(0000000161F007C50A011111)
2  0


000000fa
4964
7039
02
(0000000161F207C50A02DEA0)
2  0


000000fa
30000
7040
00
(000000016742E01EDA02D049)
0  0


000000fa
2512
7041
02
(0000000161E204C50A011DD7)
2  0


000000fa
4684
7042
02
(0000000161E406C50A01567E)
2  0


000000fa
6468
7043
82
(0000000161E607C50A01107C)
2  1


000000fa
11604
7044
02
(0000000161E807C50A02DEA0)
2  0


000000fa
7954
7045
02
(0000000161EA07C50A02DEA0)
2  0


000000fa
4174
7046
82
(0000000161EC07C50A02DEA0)
2  1


000000fa
5660
7047
02
(0000000161EE07C50A015C75)
2  0


000000fa
4268
7048
82
(0000000161F007C50A0117A8)
2  1


000000fa
9078
7049
02
(0000000161F207C50A0117A8)
2  0


000000fa
31350
7050
80
(000000016742E01EDA02D049)
0  1


000000fa
1632
7051
82
(0000000161E204C50A016B59)
2  1


000000fa
4408
7052
82
(0000000161E406C50A011DD7)
2  1


000000fa
9738
7053
02
(0000000161E607C50A011DCB)
2  0


000000fa
5340
7054
82
(0000000161E807C50A0177D6)
2  1


000000fa
4136
7055
82
(0000000161EA07C50A0119CD)
2  1


000000fa
4810
7056
02
(0000000161EC07C50A030560)
2  0


000000fa
9120
7057
02
(0000000161EE07C50A0305E0)
2  0


000000fa
5376
7058
82
(0000000161F007C50A0119CD)
2  1


000000fa
5076
7059
82
(0000000161F207C50A011BC1)
2  1


000000fa
31782
7060
80
(000000016742E01EDA02D049)
0  1


000000fa
4096
7061
82
(0000000161E204C50A016B5A)
2  1


000000fa
4546
7062
02
(0000000161E406C50A0119CD)
2  0


000000fa
4122
7063
02
(0000000161E607C50A016B79)
2  0


000000fa
4136
7064
82
(0000000161E807C50A01715F)
2  1


000000fa
11726
7065
82
(0000000161EA07C50A05FB80)
2  1


000000fa
5258
7066
82
(0000000161EC07C50A011BC2)
2  1


000000fa
6300
7067
02
(0000000161EE07C50A01715F)
2  0


000000fa
6418
7068
02
(0000000161F007C50A0121CB)
2  0


000000fa
14120
7069
82
(0000000161F207C50A016DCB)
2  1


000000fa
30164
7070
80
(000000016742E01EDA02D049)
0  1


000000fa
2434
7071
02
(0000000161E204C50A011DD7)
2  0


000000fa
4162
7072
02
(0000000161E406C50A0119CD)
2  0


000000fa
4238
7073
82
(0000000161E607C50A0289F1)
2  1


000000fa
10812
7074
82
(0000000161E807C50A028560)
2  1


000000fa
3874
7075
02
(0000000161EA04C50A011FCC)
2  0


000000fa
4744
7076
82
(0000000161EC06C50A0289F5)
2  1


000000fa
14214
7077
02
(0000000161EE07C50A011BDE)
2  0


000000fa
5288
7078
82
(0000000161F004C50A016D7E)
2  1


000000fa
4132
7079
82
(0000000161F206C50A011BCF)
2  1


000000fa
33446
7080
00
(000000016742E01EDA02D049)
0  0


000000fa
1530
7081
02
(0000000161E204C50A05DBF7)
2  0


000000fa
12846
7082
02
(0000000161E406C50A017159)
2  0


000000fa
4120
7083
82
(0000000161E607C50A05D88F)
2  1


000000fa
4530
7084
02
(0000000161E807C50A010FB8)
2  0


000000fa
3642
7085
82
(0000000161EA07C50A016D7B)
2  1


000000fa
9982
7086
82
(0000000161EC07C50A05FB82)
2  1


000000fa
4850
7087
02
(0000000161EE07C50A011BCD)
2  0


000000fa
4396
7088
02
(0000000161F007C50A01107C)
2  0


000000fa
5236
7089
02
(0000000161F207C50A011223)
2  0


000000fa
34790
7090
00
(000000016742E01EDA02D049)
0  0


000000fa
2204
7091
82
(0000000161E204C50A02DDE0)
2  1


000000fa
2968
7092
02
(0000000161E406C50A03F9F5)
2  0


000000fa
4354
7093
82
(0000000161E607C50A02D1F5)
2  1


000000fa
8568
7094
82
(0000000161E807C50A02DDE0)
2  1


000000fa
4976
7095
82
(0000000161EA07C50A0115AB)
2  1


000000fa
4638
7096
82
(0000000161EC07C50A011BCD)
2  1


000000fa
3928
7097
02
(0000000161EE07C50A016DCD)
2  0


000000fa
3308
7098
02
(0000000161F007C50A013E2F)
2  0


000000fa
7962
7099
02
(0000000161F207C50A02DDE0)
2  0


000000fa
38314
7100
00
(000000016742E01EDA02D049)
0  0


000000fa
1534
7101
82
(0000000161E204C50A0638C8)
2  1


000000fa
6828
7102
02
(0000000161E406C50A0121CB)
2  0


000000fa
7816
7103
02
(0000000161E607C50A0316E0)
2  0


000000fa
5278
7104
02
(0000000161E807C50A02EEE0)
2  0


000000fa
5164
7105
82
(0000000161EA07C50A05E235)
2  1


000000fa
2306
7106
02
(0000000161EC07C50A030D60)
2  0


000000fa
25266
7107
02
(0000000161EE07C50A011389)
2  0


000000fa
2536
7108
82
(0000000161F004C50A013A7F)
2  1


000000fa
12454
7109
02
(0000000161F206C50A05D781)
2  0


000000fa
33268
7110
00
(000000016742E01EDA02D049)
0  0


000000fa
2120
7111
82
(0000000161E204C50A017159)
2  1


000000fa
10578
7112
02
(0000000161E406C50A011DD5)
2  0


000000fa
6538
7113
02
(0000000161E607C50A03E9F8)
2  0


000000fa
3278
7114
02
(0000000161E807C50A016DCB)
2  0


000000fa
4306
7115
82
(0000000161EA07C50A0176D7)
2  1


000000fa
4368
7116
02
(0000000161EC07C50A011DCB)
2  0


000000fa
11234
7117
82
(0000000161EE07C50A011DDD)
2  1


000000fa
5178
7118
02
(0000000161F007C50A016BBD)
2  0


000000fa
3324
7119
02
(0000000161F207C50A011DC1)
2  0


000000fa
31254
7120
00
(000000016742E01EDA02D049)
0  0


000000fa
2046
7121
82
(0000000161E204C50A011DD7)
2  1


000000fa
10314
7122
82
(0000000161E406C50A016CDB)
2  1


000000fa
5388
7123
82
(0000000161E607C50A01142F)
2  1


000000fa
3158
7124
02
(0000000161E807C50A0D88C5)
2  0


000000fa
2906
7125
02
(0000000161EA07C50A0D08C5)
2  0


000000fa
9354
7126
02
(0000000161EC07C50A023EFD)
2  0


000000fa
3770
7127
02
(0000000161EE07C50A0246EB)
2  0


000000fa
3052
7128
02
(0000000161F007C50A0D08D6)
2  0


000000fa
2960
7129
02
(0000000161F207C50A0F08D6)
2  0


000000fa
27642
7130
80
(000000016742E01EDA02D049)
0  1


000000fa
1758
7131
82
(0000000161E204C50A011DD5)
2  1


000000fa
2414
7132
02
(0000000161E406C50A016DCB)
2  0


000000fa
4108
7133
02
(0000000161E607C50A030D60)
2  0


000000fa
9078
7134
02
(0000000161E807C50A016BAD)
2  0


000000fa
6250
7135
02
(0000000161EA07C50A01142F)
2  0


000000fa
5246
7136
82
(0000000161EC07C50A05C7CD)
2  1


000000fa
10788
7137
82
(0000000161EE07C50A030D4D)
2  1


000000fa
5262
7138
82
(0000000161F007C50A02DEE5)
2  1


000000fa
3418
7139
82
(0000000161F207C50A05D118)
2  1


000000fa
31262
7140
00
(000000016742E01EDA02D049)
0  0


000000fa
1618
7141
82
(0000000161E204C50A016D5E)
2  1


000000fa
12472
7142
82
(0000000161E406C50A011DD7)
2  1


000000fa
6068
7143
02
(0000000161E607C50A01196B)
2  0


000000fa
3764
7144
02
(0000000161E807C50A02DD62)
2  0


000000fa
4470
7145
02
(0000000161EA07C50A02DD60)
2  0


000000fa
3806
7146
02
(0000000161EC07C50A011BCC)
2  0


000000fa
10656
7147
02
(0000000161EE07C50A030D60)
2  0


000000fa
4438
7148
82
(0000000161F007C50A05C275)
2  1


000000fa
5032
7149
82
(0000000161F207C50A02D9F5)
2  1


000000fa
33126
7150
80
(000000016742E01EDA02D049)
0  1


000000fa
24266
7151
82
(0000000161E204C50A030D60)
2  1


000000fa
5210
7152
82
(0000000161E404C50A011BCB)
2  1


000000fa
8906
7153
02
(0000000161E606C50A011BCD)
2  0


000000fa
5704
7154
02
(0000000161E807C50A05DB83)
2  0


000000fa
10956
7155
82
(0000000161EA07C50A011BCB)
2  1


000000fa
5082
7156
82
(0000000161EC07C50A011672)
2  1


000000fa
4942
7157
82
(0000000161EE07C50A011BC9)
2  1


000000fa
5410
7158
82
(0000000161F007C50A05FB80)
2  1


000000fa
11516
7159
02
(0000000161F207C50A065B81)
2  0


000000fa
30572
7160
80
(000000016742E01EDA02D049)
0  1


000000fa
1466
7161
02
(0000000161E204C50A011DD7)
2  0


000000fa
4222
7162
02
(0000000161E406C50A0173CD)
2  0


000000fa
6234
7163
82
(0000000161E607C50A0305E0)
2  1


000000fa
10900
7164
82
(0000000161E807C50A011DC9)
2  1


000000fa
5642
7165
02
(0000000161EA07C50A0173C1)
2  0


000000fa
6040
7166
02
(0000000161EC07C50A016D52)
2  0


000000fa
11920
7167
02
(0000000161EE07C50A016DA3)
2  0


000000fa
4878
7168
82
(0000000161F007C50A011DD5)
2  1


000000fa
2722
7169
82
(0000000161F207C50A016D51)
2  1


000000fa
28428
7170
00
(000000016742E01EDA02D049)
0  0


000000fa
2070
7171
82
(0000000161E204C50A011DD5)
2  1


000000fa
10436
7172
82
(0000000161E406C50A016072)
2  1


000000fa
4468
7173
02
(0000000161E607C50A016D5E)
2  0


000000fa
4316
7174
02
(0000000161E807C50A016D1D)
2  0


000000fa
4196
7175
82
(0000000161EA07C50A016D29)
2  1


000000fa
10848
7176
82
(0000000161EC07C50A030D60)
2  1


000000fa
5524
7177
82
(0000000161EE07C50A011C9F)
2  1


000000fa
4678
7178
02
(0000000161F007C50A0170EB)
2  0


000000fa
3910
7179
82
(0000000161F207C50A011DD7)
2  1


000000fa
22574
7180
80
(000000016742E01EDA02D049)
0  1


000000fa
2026
7181
82
(0000000161E204C50A016B5E)
2  1


000000fa
2992
7182
02
(0000000161E406C50A011DD5)
2  0


000000fa
4488
7183
82
(0000000161E607C50A016C6F)
2  1


000000fa
11610
7184
82
(0000000161E807C50A011BCB)
2  1


000000fa
3218
7185
02
(0000000161EA04C50A012FA8)
2  0


000000fa
12766
7186
82
(0000000161EC06C50A0119CD)
2  1


000000fa
13892
7187
82
(0000000161EE04C50A016F1D)
2  1


000000fa
4968
7188
02
(0000000161F004C50A014A72)
2  0


000000fa
3712
7189
82
(0000000161F206C50A016DCD)
2  1


000000fa
25906
7190
00
(000000016742E01EDA02D049)
0  0


000000fa
4940
7191
82
(0000000161E204C50A016CF1)
2  1


000000fa
10972
7192
02
(0000000161E406C50A0119CD)
2  0


000000fa
5908
7193
02
(0000000161E607C50A0173C5)
2  0


000000fa
8606
7194
82
(0000000161E807C50A061B83)
2  1


000000fa
5154
7195
82
(0000000161EA07C50A011BDE)
2  1


000000fa
12790
7196
02
(0000000161EC07C50A060238)
2  0


000000fa
6718
7197
02
(0000000161EE07C50A016CF1)
2  0


000000fa
5230
7198
82
(0000000161F007C50A03175E)
2  1


000000fa
6270
7199
02
(0000000161F207C50A05FB81)
2  0


000000fa
24432
7200
00
(000000016742E01EDA02D049)
0  0


000000fa
3082
7201
82
(0000000161E204C50A05D580)
2  1


000000fa
3224
7202
02
(0000000161E406C50A05D582)
2  0


000000fa
5208
7203
02
(0000000161E607C50A05E7C5)
2  0


000000fa
12306
7204
82
(0000000161E807C50A05D118)
2  1


000000fa
6330
7205
82
(0000000161EA07C50A030D60)
2  1


000000fa
4958
7206
82
(0000000161EC07C50A0119CD)
2  1


000000fa
13478
7207
82
(0000000161EE07C50A02DD67)
2  1


000000fa
6330
7208
02
(0000000161F007C50A05D5AD)
2  0


000000fa
3498
7209
82
(0000000161F207C50A01582F)
2  1


000000fa
27616
7210
00
(000000016742E01EDA02D049)
0  0


000000fa
2420
7211
82
(0000000161E204C50A016F59)
2  1


000000fa
12460
7212
82
(0000000161E406C50A0289F5)
2  1


000000fa
4282
7213
82
(0000000161E607C50A02F9F8)
2  1


000000fa
4264
7214
02
(0000000161E807C50A02F9F8)
2  0


000000fa
4072
7215
82
(0000000161EA07C50A02F9F8)
2  1


000000fa
14174
7216
82
(0000000161EC07C50A02F9FA)
2  1


000000fa
2664
7217
82
(0000000161EE04C50A05DB80)
2  1


000000fa
3516
7218
02
(0000000161F006C50A03C0BF)
2  0


000000fa
4360
7219
02
(0000000161F207C50A02F9F8)
2  0


000000fa
24492
7220
00
(000000016742E01EDA02D049)
0  0


000000fa
2508
7221
82
(0000000161E204C50A011DD5)
2  1


000000fa
4368
7222
02
(0000000161E406C50A01422F)
2  0


000000fa
2522
7223
02
(0000000161E607C50A05FB83)
2  0


000000fa
27672
7224
82
(0000000161E807C50A0121CB)
2  1


000000fa
11910
7225
82
(0000000161EA04C50A011BCC)
2  1


000000fa
9214
7226
82
(0000000161EC06C50A01122F)
2  1


000000fa
25186
7227
82
(0000000161EE07C50A05E238)
2  1


000000fa
7756
7228
82
(0000000161F007C50A011DCB)
2  1


000000fa
6366
7229
82
(0000000161F207C50A011DDD)
2  1


000000fa
56178
7230
00
(000000016742E01EDA02D049)
0  0


000000fa
2104
7231
02
(0000000161E204C50A030DE0)
2  0


000000fa
7572
7232
02
(0000000161E406C50A011DD5)
2  0


000000fa
8378
7233
82
(0000000161E607C50A0193BB)
2  1


000000fa
4896
7234
82
(0000000161E807C50A019AFB)
2  1


000000fa
6074
7235
82
(0000000161EA07C50A0178F3)
2  1


000000fa
8116
7236
02
(0000000161EC07C50A030D60)
2  0


000000fa
11818
7237
82
(0000000161EE07C50A01189A)
2  1


000000fa
15090
7238
02
(0000000161F007C50A0E08C5)
2  0


000000fa
10514
7239
02
(0000000161F207C50A0D08C5)
2  0


000000fa
57674
7240
80
(000000016742E01EDA02D049)
0  1


000000fa
2468
7241
82
(0000000161E204C50A04DB83)
2  1


000000fa
8648
7242
02
(0000000161E406C50A04D888)
2  0


000000fa
8736
7243
82
(0000000161E607C50A056231)
2  1


000000fa
6738
7244
02
(0000000161E807C50A0D08C5)
2  0


000000fa
8008
7245
82
(0000000161EA07C50A054232)
2  1


000000fa
8118
7246
82
(0000000161EC07C50A054237)
2  1


000000fa
7626
7247
02
(0000000161EE07C50A04CBB8)
2  0


000000fa
7976
7248
02
(0000000161F007C50A02D446)
2  0


000000fa
6380
7249
02
(0000000161F207C50A06D898)
2  0


000000fa
50244
7250
00
(000000016742E01EDA02D049)
0  0


000000fa
2924
7251
02
(0000000161E204C50A010FA8)
2  0


000000fa
13366
7252
82
(0000000161E406C50A03056C)
2  1


000000fa
14438
7253
02
(0000000161E607C50A05D5EF)
2  0


000000fa
11426
7254
02
(0000000161E807C50A02D1F2)
2  0


000000fa
9138
7255
02
(0000000161EA07C50A0111B9)
2  0


000000fa
7928
7256
02
(0000000161EC07C50A011BC5)
2  0


000000fa
10550
7257
82
(0000000161EE07C50A011BC2)
2  1


000000fa
9822
7258
82
(0000000161F007C50A02D1F9)
2  1


000000fa
8456
7259
82
(0000000161F207C50A0D08E0)
2  1


000000fa
50298
7260
80
(000000016742E01EDA02D049)
0  1


000000fa
3110
7261
82
(0000000161E204C50A030D60)
2  1


000000fa
9078
7262
82
(0000000161E406C50A01107C)
2  1


000000fa
8394
7263
82
(0000000161E607C50A02E5E5)
2  1


000000fa
6866
7264
02
(0000000161E807C50A02DD7B)
2  0


000000fa
8632
7265
82
(0000000161EA07C50A05D581)
2  1


000000fa
10690
7266
82
(0000000161EC07C50A030560)
2  1


000000fa
12732
7267
82
(0000000161EE07C50A030BEE)
2  1


000000fa
17040
7268
02
(0000000161F007C50A02D1F1)
2  0


000000fa
7726
7269
82
(0000000161F204C50A02D46E)
2  1


000000fa
32952
7270
80
(000000016742E01EDA02D049)
0  1


000000fa
4762
7271
82
(0000000161E204C50A010F78)
2  1


000000fa
7236
7272
82
(0000000161E406C50A030D60)
2  1


000000fa
6420
7273
82
(0000000161E607C50A02D313)
2  1


000000fa
4540
7274
02
(0000000161E807C50A0119CD)
2  0


000000fa
4990
7275
82
(0000000161EA07C50A02D560)
2  1


000000fa
5492
7276
82
(0000000161EC07C50A05C7CC)
2  1


000000fa
5976
7277
82
(0000000161EE07C50A016FCB)
2  1


000000fa
5538
7278
82
(0000000161F007C50A030C98)
2  1


000000fa
4686
7279
82
(0000000161F207C50A010FB9)
2  1


000000fa
32830
7280
80
(000000016742E01EDA02D049)
0  1


000000fa
2422
7281
82
(0000000161E204C50A016672)
2  1


000000fa
6078
7282
02
(0000000161E406C50A0329F8)
2  0


000000fa
8744
7283
02
(0000000161E607C50A0321DE)
2  0


000000fa
6538
7284
82
(0000000161E807C50A02D1F5)
2  1


000000fa
5998
7285
02
(0000000161EA07C50A05C7E0)
2  0


000000fa
4582
7286
82
(0000000161EC07C50A0306E0)
2  1


000000fa
4638
7287
82
(0000000161EE07C50A011BCB)
2  1


000000fa
4862
7288
02
(0000000161F007C50A016CF2)
2  0


000000fa
3516
7289
82
(0000000161F207C50A0121CB)
2  1


000000fa
28070
7290
00
(000000016742E01EDA02D049)
0  0


000000fa
2176
7291
02
(0000000161E204C50A030D60)
2  0


000000fa
6862
7292
02
(0000000161E406C50A030DE0)
2  0


000000fa
7468
7293
82
(0000000161E607C50A030D60)
2  1


000000fa
3702
7294
82
(0000000161E807C50A030F37)
2  1


000000fa
3926
7295
02
(0000000161EA07C50A05A231)
2  0


000000fa
4454
7296
02
(0000000161EC07C50A0119D7)
2  0


000000fa
4514
7297
02
(0000000161EE07C50A05A235)
2  0


000000fa
5788
7298
82
(0000000161F007C50A011BC2)
2  1


000000fa
4542
7299
02
(0000000161F207C50A0303CD)
2  0


000000fa
27386
7300
80
(000000016742E01EDA02D049)
0  1


000000fa
1986
7301
82
(0000000161E204C50A011DD7)
2  1


000000fa
5696
7302
82
(0000000161E406C50A013672)
2  1


000000fa
7116
7303
02
(0000000161E607C50A011893)
2  0


000000fa
5820
7304
82
(0000000161E807C50A05C7EF)
2  1


000000fa
5202
7305
02
(0000000161EA07C50A013875)
2  0


000000fa
5332
7306
82
(0000000161EC07C50A016CF7)
2  1


000000fa
6294
7307
82
(0000000161EE07C50A06BB82)
2  1


000000fa
6328
7308
02
(0000000161F007C50A05FB83)
2  0


000000fa
4998
7309
82
(0000000161F207C50A061B80)
2  1


000000fa
27118
7310
80
(000000016742E01EDA02D049)
0  1


000000fa
3708
7311
02
(0000000161E204C50A011DD5)
2  0


000000fa
6062
7312
02
(0000000161E406C50A011DD7)
2  0


000000fa
8730
7313
82
(0000000161E607C50A0306EA)
2  1


000000fa
4858
7314
82
(0000000161E807C50A011BC9)
2  1


000000fa
4250
7315
82
(0000000161EA07C50A0118AB)
2  1


000000fa
4416
7316
82
(0000000161EC07C50A016DCA)
2  1


000000fa
5148
7317
02
(0000000161EE07C50A011FCA)
2  0


000000fa
4934
7318
82
(0000000161F007C50A0119CD)
2  1


000000fa
3784
7319
02
(0000000161F207C50A0177CD)
2  0


000000fa
28764
7320
00
(000000016742E01EDA02D049)
0  0


000000fa
2222
7321
82
(0000000161E204C50A0179CD)
2  1


000000fa
5338
7322
82
(0000000161E406C50A0119CD)
2  1


000000fa
6334
7323
82
(0000000161E607C50A011DC9)
2  1


000000fa
4614
7324
02
(0000000161E807C50A011CB5)
2  0


000000fa
4748
7325
02
(0000000161EA07C50A011DCB)
2  0


000000fa
5074
7326
82
(0000000161EC07C50A011BCB)
2  1


000000fa
6766
7327
02
(0000000161EE07C50A030D60)
2  0


000000fa
7434
7328
02
(0000000161F007C50A02F8BF)
2  0


000000fa
5422
7329
02
(0000000161F207C50A030560)
2  0


000000fa
29052
7330
00
(000000016742E01EDA02D049)
0  0


000000fa
1804
7331
02
(0000000161E204C50A0175D0)
2  0


000000fa
4126
7332
82
(0000000161E406C50A011DC1)
2  1


000000fa
5406
7333
02
(0000000161E607C50A0119CD)
2  0


000000fa
3994
7334
82
(0000000161E807C50A011BC1)
2  1


000000fa
4138
7335
02
(0000000161EA07C50A01209F)
2  0


000000fa
4808
7336
82
(0000000161EC07C50A0177C5)
2  1


000000fa
5464
7337
82
(0000000161EE07C50A011DCB)
2  1


000000fa
4748
7338
02
(0000000161F007C50A0179CD)
2  0


000000fa
4074
7339
02
(0000000161F207C50A01522F)
2  0


000000fa
28566
7340
00
(000000016742E01EDA02D049)
0  0


000000fa
2334
7341
82
(0000000161E204C50A011DD5)
2  1


000000fa
5346
7342
02
(0000000161E406C50A011BC1)
2  0


000000fa
6998
7343
02
(0000000161E607C50A02F8BF)
2  0


000000fa
5044
7344
82
(0000000161E807C50A0350BE)
2  1


000000fa
4632
7345
02
(0000000161EA07C50A030BDE)
2  0


000000fa
4968
7346
82
(0000000161EC07C50A011BC6)
2  1


000000fa
6850
7347
02
(0000000161EE07C50A05FB81)
2  0


000000fa
6708
7348
02
(0000000161F007C50A061BF7)
2  0


000000fa
4790
7349
02
(0000000161F207C50A011FCC)
2  0


000000fa
28848
7350
80
(000000016742E01EDA02D049)
0  1


000000fa
2174
7351
82
(0000000161E204C50A030D60)
2  1


000000fa
3932
7352
02
(0000000161E406C50A016F79)
2  0


000000fa
4700
7353
82
(0000000161E607C50A011DDD)
2  1


000000fa
2746
7354
82
(0000000161E807C50A011DCD)
2  1


000000fa
3150
7355
82
(0000000161EA07C50A011DCB)
2  1


000000fa
4624
7356
02
(0000000161EC07C50A0119CD)
2  0


000000fa
5824
7357
82
(0000000161EE07C50A01247E)
2  1


000000fa
6436
7358
02
(0000000161F007C50A0E88C5)
2  0


000000fa
4872
7359
02
(0000000161F207C50A0D88C5)
2  0


000000fa
26942
7360
80
(000000016742E01EDA02D049)
0  1


000000fa
2490
7361
02
(0000000161E204C50A03C6E1)
2  0


000000fa
5470
7362
82
(0000000161E406C50A052231)
2  1


000000fa
6198
7363
82
(0000000161E607C50A0D08C5)
2  1


000000fa
4260
7364
02
(0000000161E807C50A011CF5)
2  0


000000fa
4318
7365
82
(0000000161EA07C50A067888)
2  1


000000fa
4812
7366
02
(0000000161EC07C50A05C279)
2  0


000000fa
7060
7367
82
(0000000161EE07C50A016CF7)
2  1


000000fa
7198
7368
02
(0000000161F007C50A016F72)
2  0


000000fa
5538
7369
02
(0000000161F207C50A016CF7)
2  0


000000fa
27080
7370
80
(000000016742E01EDA02D049)
0  1


000000fa
2652
7371
82
(0000000161E204C50A016CF7)
2  1


000000fa
7684
7372
02
(0000000161E406C50A011DD7)
2  0


000000fa
9454
7373
02
(0000000161E607C50A030560)
2  0


000000fa
5582
7374
82
(0000000161E807C50A0118AB)
2  1


000000fa
5890
7375
02
(0000000161EA07C50A02F8BF)
2  0


000000fa
4058
7376
82
(0000000161EC07C50A030560)
2  1


000000fa
19986
7377
82
(0000000161EE07C50A011BC1)
2  1


000000fa
2570
7378
02
(0000000161F004C50A011FCC)
2  0


000000fa
7428
7379
02
(0000000161F206C50A011BCB)
2  0


000000fa
26914
7380
00
(000000016742E01EDA02D049)
0  0


000000fa
1430
7381
82
(0000000161E204C50A016CF7)
2  1


000000fa
3196
7382
02
(0000000161E406C50A01717B)
2  0


000000fa
3714
7383
82
(0000000161E607C50A0119CD)
2  1


000000fa
3376
7384
82
(0000000161E807C50A016DCC)
2  1


000000fa
3936
7385
82
(0000000161EA07C50A0121CB)
2  1


000000fa
4216
7386
82
(0000000161EC07C50A011DDE)
2  1


000000fa
3278
7387
82
(0000000161EE07C50A017BCB)
2  1


000000fa
3106
7388
02
(0000000161F007C50A016ED7)
2  0


000000fa
2942
7389
82
(0000000161F207C50A011DDF)
2  1


000000fa
27102
7390
80
(000000016742E01EDA02D049)
0  1


000000fa
1314
7391
02
(0000000161E204C50A030DE0)
2  0


000000fa
2890
7392
02
(0000000161E406C50A01647E)
2  0


000000fa
3680
7393
02
(0000000161E607C50A0119CD)
2  0


000000fa
1952
7394
82
(0000000161E807C50A0179CD)
2  1


000000fa
2568
7395
82
(0000000161EA07C50A01835B)
2  1


000000fa
3288
7396
82
(0000000161EC07C50A0119CD)
2  1


000000fa
3738
7397
02
(0000000161EE07C50A011DCB)
2  0


000000fa
3574
7398
02
(0000000161F007C50A0177CC)
2  0


000000fa
3148
7399
82
(0000000161F207C50A0171CA)
2  1


000000fa
24126
7400
80
(000000016742E01EDA02D049)
0  1


000000fa
1680
7401
02
(0000000161E204C50A011DD5)
2  0


000000fa
3678
7402
82
(0000000161E406C50A017BC1)
2  1


000000fa
4882
7403
82
(0000000161E607C50A011DC9)
2  1


000000fa
4324
7404
02
(0000000161E807C50A017DCD)
2  0


000000fa
3212
7405
02
(0000000161EA07C50A017BC4)
2  0


000000fa
4042
7406
02
(0000000161EC07C50A0119CD)
2  0


000000fa
5666
7407
82
(0000000161EE07C50A030DE0)
2  1


000000fa
6180
7408
02
(0000000161F007C50A02F8BF)
2  0


000000fa
4600
7409
02
(0000000161F207C50A016CF7)
2  0


000000fa
24474
7410
80
(000000016742E01EDA02D049)
0  1


000000fa
1882
7411
82
(0000000161E204C50A017BCB)
2  1


000000fa
4398
7412
82
(0000000161E406C50A011DCF)
2  1


000000fa
5558
7413
02
(0000000161E607C50A012475)
2  0


000000fa
4096
7414
02
(0000000161E807C50A011DDE)
2  0


000000fa
2818
7415
82
(0000000161EA07C50A012875)
2  1


000000fa
3864
7416
82
(0000000161EC07C50A016DCA)
2  1


000000fa
5208
7417
82
(0000000161EE07C50A0179CB)
2  1


000000fa
4804
7418
02
(0000000161F007C50A016CF5)
2  0


000000fa
4590
7419
02
(0000000161F207C50A016FCA)
2  0


000000fa
24500
7420
00
(000000016742E01EDA02D049)
0  0


000000fa
2554
7421
02
(0000000161E204C50A011DD5)
2  0


000000fa
5048
7422
02
(0000000161E406C50A02F8BF)
2  0


000000fa
6058
7423
02
(0000000161E607C50A011897)
2  0


000000fa
4494
7424
82
(0000000161E807C50A0119CD)
2  1


000000fa
2912
7425
82
(0000000161EA07C50A02D9F3)
2  1


000000fa
3214
7426
02
(0000000161EC07C50A02E5E0)
2  0


000000fa
4220
7427
02
(0000000161EE07C50A011BCC)
2  0


000000fa
6520
7428
82
(0000000161F007C50A02DD60)
2  1


000000fa
4522
7429
82
(0000000161F207C50A0662FF)
2  1


000000fa
28332
7430
80
(000000016742E01EDA02D049)
0  1


000000fa
3682
7431
82
(0000000161E204C50A061B81)
2  1


000000fa
4462
7432
82
(0000000161E406C50A0206E0)
2  1


000000fa
4684
7433
82
(0000000161E607C50A0D08C5)
2  1


000000fa
3920
7434
82
(0000000161E807C50A016F52)
2  1


000000fa
3844
7435
02
(0000000161EA07C50A061888)
2  0


000000fa
5108
7436
02
(0000000161EC07C50A071BF7)
2  0


000000fa
6680
7437
82
(0000000161EE07C50A0216E1)
2  1


000000fa
5680
7438
82
(0000000161F007C50A05FBF7)
2  1


000000fa
4918
7439
82
(0000000161F207C50A05DAF7)
2  1


000000fa
27316
7440
80
(000000016742E01EDA02D049)
0  1


000000fa
2204
7441
02
(0000000161E204C50A011DD5)
2  0


000000fa
4744
7442
02
(0000000161E406C50A011158)
2  0


000000fa
6404
7443
02
(0000000161E607C50A05E7C5)
2  0


000000fa
5666
7444
82
(0000000161E807C50A02DD60)
2  1


000000fa
4410
7445
02
(0000000161EA07C50A01502F)
2  0


000000fa
4492
7446
82
(0000000161EC07C50A06233B)
2  1


000000fa
5796
7447
82
(0000000161EE07C50A067B81)
2  1


000000fa
5970
7448
02
(0000000161F007C50A016FC5)
2  0


000000fa
4896
7449
82
(0000000161F207C50A030D60)
2  1


000000fa
27290
7450
80
(000000016742E01EDA02D049)
0  1


000000fa
2322
7451
82
(0000000161E204C50A05D582)
2  1


000000fa
6606
7452
02
(0000000161E406C50A064209)
2  0


000000fa
8466
7453
02
(0000000161E607C50A05E7C5)
2  0


000000fa
5814
7454
82
(0000000161E807C50A073BAD)
2  1


000000fa
5356
7455
82
(0000000161EA07C50A05FB8B)
2  1


000000fa
6518
7456
02
(0000000161EC07C50A016D52)
2  0


000000fa
8094
7457
02
(0000000161EE07C50A073888)
2  0


000000fa
8118
7458
02
(0000000161F007C50A06FB93)
2  0


000000fa
8244
7459
02
(0000000161F207C50A05F888)
2  0


000000fa
26054
7460
80
(000000016742E01EDA02D049)
0  1


000000fa
3332
7461
02
(0000000161E204C50A011DD5)
2  0


000000fa
6778
7462
02
(0000000161E406C50A064726)
2  0


000000fa
7242
7463
02
(0000000161E607C50A03E9F8)
2  0


000000fa
5494
7464
82
(0000000161E807C50A011DDE)
2  1


000000fa
4076
7465
02
(0000000161EA07C50A016DCC)
2  0


000000fa
4826
7466
02
(0000000161EC07C50A02F1DE)
2  0


000000fa
6878
7467
82
(0000000161EE07C50A030DE0)
2  1


000000fa
7362
7468
82
(0000000161F007C50A012E2F)
2  1


000000fa
5404
7469
82
(0000000161F207C50A0350BF)
2  1


000000fa
26520
7470
80
(000000016742E01EDA02D049)
0  1


000000fa
2606
7471
82
(0000000161E204C50A011DD5)
2  1


000000fa
6398
7472
82
(0000000161E406C50A030D60)
2  1


000000fa
6906
7473
82
(0000000161E607C50A0121CB)
2  1


000000fa
5248
7474
82
(0000000161E807C50A0175CC)
2  1


000000fa
3958
7475
02
(0000000161EA07C50A030DE0)
2  0


000000fa
4576
7476
02
(0000000161EC07C50A0D08C5)
2  0


000000fa
5588
7477
82
(0000000161EE07C50A0D88DE)
2  1


000000fa
5786
7478
82
(0000000161F007C50A0E6221)
2  1


000000fa
6140
7479
82
(0000000161F207C50A0D08D5)
2  1


000000fa
26534
7480
80
(000000016742E01EDA02D049)
0  1


000000fa
3138
7481
82
(0000000161E204C50A016FCC)
2  1


000000fa
6950
7482
82
(0000000161E406C50A0306E0)
2  1


000000fa
8616
7483
82
(0000000161E607C50A05D794)
2  1


000000fa
6980
7484
02
(0000000161E807C50A011FCA)
2  0


000000fa
5550
7485
02
(0000000161EA07C50A030F2F)
2  0


000000fa
5646
7486
82
(0000000161EC07C50A05FB80)
2  1


000000fa
7290
7487
02
(0000000161EE07C50A01607D)
2  0


000000fa
8052
7488
02
(0000000161F007C50A015A77)
2  0


000000fa
7166
7489
82
(0000000161F207C50A016DCC)
2  1


000000fa
27582
7490
00
(000000016742E01EDA02D049)
0  0


000000fa
2718
7491
82
(0000000161E204C50A016EDF)
2  1


000000fa
7358
7492
82
(0000000161E406C50A011DD5)
2  1


000000fa
7962
7493
82
(0000000161E607C50A030B57)
2  1


000000fa
5584
7494
82
(0000000161E807C50A016BBB)
2  1


000000fa
3706
7495
82
(0000000161EA07C50A0321C9)
2  1


000000fa
5668
7496
02
(0000000161EC07C50A02F8BF)
2  0


000000fa
8058
7497
82
(0000000161EE07C50A0119CD)
2  1


000000fa
7500
7498
02
(0000000161F007C50A0321DE)
2  0


000000fa
5124
7499
82
(0000000161F207C50A02F8BF)
2  1


000000fa
23446
7500
80
(000000016742E01EDA02D049)
0  1


000000fa
3752
7501
02
(0000000161E204C50A05FB83)
2  0


000000fa
5426
7502
02
(0000000161E406C50A0642FB)
2  0


000000fa
6412
7503
02
(0000000161E607C50A0305E0)
2  0


000000fa
4310
7504
82
(0000000161E807C50A0305E0)
2  1


000000fa
3954
7505
82
(0000000161EA07C50A011DCB)
2  1


000000fa
3346
7506
82
(0000000161EC07C50A016DCA)
2  1


000000fa
4060
7507
82
(0000000161EE07C50A016DC5)
2  1


000000fa
4754
7508
02
(0000000161F007C50A063B80)
2  0


000000fa
4384
7509
02
(0000000161F207C50A06233B)
2  0


000000fa
25738
7510
80
(000000016742E01EDA02D049)
0  1


000000fa
2280
7511
02
(0000000161E204C50A0170F7)
2  0


000000fa
5424
7512
02
(0000000161E406C50A011DD5)
2  0


000000fa
6432
7513
02
(0000000161E607C50A011C97)
2  0


000000fa
5134
7514
82
(0000000161E807C50A0306F6)
2  1


000000fa
4372
7515
82
(0000000161EA07C50A016FC5)
2  1


000000fa
4866
7516
02
(0000000161EC07C50A011DDE)
2  0


000000fa
6230
7517
02
(0000000161EE07C50A0642FB)
2  0


000000fa
6372
7518
82
(0000000161F007C50A0667E0)
2  1


000000fa
6180
7519
82
(0000000161F207C50A02F9DE)
2  1


000000fa
25198
7520
80
(000000016742E01EDA02D049)
0  1


000000fa
3002
7521
02
(0000000161E204C50A05FB81)
2  0


000000fa
6500
7522
02
(0000000161E406C50A016DCC)
2  0


000000fa
7794
7523
82
(0000000161E607C50A064335)
2  1


000000fa
6940
7524
82
(0000000161E807C50A016FC5)
2  1


000000fa
5686
7525
02
(0000000161EA07C50A01107C)
2  0


000000fa
5736
7526
82
(0000000161EC07C50A066216)
2  1


000000fa
8468
7527
82
(0000000161EE07C50A011FCC)
2  1


000000fa
8552
7528
82
(0000000161F007C50A05FBA1)
2  1


000000fa
7226
7529
02
(0000000161F207C50A068216)
2  0


000000fa
24842
7530
00
(000000016742E01EDA02D049)
0  0


000000fa
3372
7531
02
(0000000161E204C50A05D198)
2  0


000000fa
8476
7532
82
(0000000161E406C50A016D71)
2  1


000000fa
9730
7533
02
(0000000161E607C50A05D781)
2  0


000000fa
8690
7534
02
(0000000161E807C50A0662FB)
2  0


000000fa
6224
7535
02
(0000000161EA07C50A011179)
2  0


000000fa
6148
7536
02
(0000000161EC07C50A02DDE0)
2  0


000000fa
7876
7537
82
(0000000161EE07C50A02DD60)
2  1


000000fa
8506
7538
02
(0000000161F007C50A011CD7)
2  0


000000fa
8368
7539
02
(0000000161F207C50A016DC5)
2  0


000000fa
22218
7540
00
(000000016742E01EDA02D049)
0  0


000000fa
3804
7541
82
(0000000161E204C50A05D782)
2  1


000000fa
7844
7542
82
(0000000161E406C50A0318B5)
2  1


000000fa
9744
7543
02
(0000000161E607C50A05C275)
2  0


000000fa
7896
7544
82
(0000000161E807C50A06633B)
2  1


000000fa
5484
7545
82
(0000000161EA07C50A03153A)
2  1


000000fa
4930
7546
82
(0000000161EC07C50A02DDE5)
2  1


000000fa
6554
7547
02
(0000000161EE07C50A030F37)
2  0


000000fa
6302
7548
02
(0000000161F007C50A06633F)
2  0


000000fa
5234
7549
82
(0000000161F207C50A02D626)
2  1


000000fa
23268
7550
00
(000000016742E01EDA02D049)
0  0


000000fa
1744
7551
82
(0000000161E204C50A011FCA)
2  1


000000fa
4664
7552
02
(0000000161E406C50A016ED2)
2  0


000000fa
6602
7553
82
(0000000161E607C50A016DCA)
2  1


000000fa
5680
7554
02
(0000000161E807C50A0111A8)
2  0


000000fa
5280
7555
02
(0000000161EA07C50A016DC5)
2  0


000000fa
6080
7556
02
(0000000161EC07C50A0119CD)
2  0


000000fa
8686
7557
82
(0000000161EE07C50A011BD0)
2  1


000000fa
6440
7558
82
(0000000161F007C50A0111A9)
2  1


000000fa
7436
7559
82
(0000000161F207C50A0119CD)
2  1


000000fa
25038
7560
80
(000000016742E01EDA02D049)
0  1


000000fa
2166
7561
82
(0000000161E204C50A016DCC)
2  1


000000fa
4664
7562
02
(0000000161E406C50A016DCA)
2  0


000000fa
5452
7563
82
(0000000161E607C50A030D4D)
2  1


000000fa
4280
7564
02
(0000000161E807C50A05FBC4)
2  0


000000fa
3968
7565
02
(0000000161EA07C50A06023F)
2  0


000000fa
3422
7566
82
(0000000161EC07C50A061888)
2  1


000000fa
4920
7567
02
(0000000161EE07C50A012C7D)
2  0


000000fa
6270
7568
02
(0000000161F007C50A02F8BF)
2  0


000000fa
5452
7569
82
(0000000161F207C50A016DCA)
2  1


000000fa
24326
7570
00
(000000016742E01EDA02D049)
0  0


000000fa
1772
7571
02
(0000000161E204C50A016DCA)
2  0


000000fa
5482
7572
82
(0000000161E406C50A01627E)
2  1


000000fa
8176
7573
82
(0000000161E607C50A011DC1)
2  1


000000fa
5718
7574
02
(0000000161E807C50A0119CD)
2  0


000000fa
5306
7575
82
(0000000161EA07C50A016BCD)
2  1


000000fa
4512
7576
02
(0000000161EC07C50A030BC7)
2  0


000000fa
5348
7577
82
(0000000161EE07C50A05FB81)
2  1


000000fa
6726
7578
82
(0000000161F007C50A012272)
2  1


000000fa
6514
7579
82
(0000000161F207C50A0318BF)
2  1


000000fa
24608
7580
80
(000000016742E01EDA02D049)
0  1


000000fa
2286
7581
02
(0000000161E204C50A017D3C)
2  0


000000fa
4872
7582
82
(0000000161E406C50A011DD5)
2  1


000000fa
7170
7583
82
(0000000161E607C50A011897)
2  1


000000fa
6280
7584
82
(0000000161E807C50A030D60)
2  1


000000fa
5554
7585
02
(0000000161EA07C50A016DCA)
2  0


000000fa
5566
7586
02
(0000000161EC07C50A0F88C5)
2  0


000000fa
6484
7587
82
(0000000161EE07C50A0D08C5)
2  1


000000fa
7888
7588
82
(0000000161F007C50A0667C5)
2  1


000000fa
6212
7589
02
(0000000161F207C50A0767C5)
2  0


000000fa
23904
7590
00
(000000016742E01EDA02D049)
0  0


000000fa
2262
7591
02
(0000000161E204C50A02308E)
2  0


000000fa
5178
7592
02
(0000000161E406C50A016CF7)
2  0


000000fa
7086
7593
02
(0000000161E607C50A0119CD)
2  0


000000fa
5650
7594
82
(0000000161E807C50A073B81)
2  1


000000fa
5598
7595
82
(0000000161EA07C50A0D6361)
2  1


000000fa
5052
7596
82
(0000000161EC07C50A05FBF7)
2  1


000000fa
4912
7597
82
(0000000161EE07C50A016CF7)
2  1


000000fa
5396
7598
02
(0000000161F007C50A0D6221)
2  0


000000fa
5612
7599
82
(0000000161F207C50A0D6221)
2  1


000000fa
23788
7600
00
(000000016742E01EDA02D049)
0  0


000000fa
1954
7601
02
(0000000161E204C50A063BAD)
2  0


000000fa
4676
7602
02
(0000000161E406C50A029EE0)
2  0


000000fa
7236
7603
82
(0000000161E607C50A0D08C5)
2  1


000000fa
5836
7604
02
(0000000161E807C50A067BBD)
2  0


000000fa
5312
7605
82
(0000000161EA07C50A075888)
2  1


000000fa
4146
7606
02
(0000000161EC07C50A029EE3)
2  0


000000fa
4510
7607
82
(0000000161EE07C50A0299F8)
2  1


000000fa
5546
7608
82
(0000000161F007C50A06DB8F)
2  1


000000fa
4656
7609
02
(0000000161F207C50A05FBF7)
2  0


000000fa
24236
7610
00
(000000016742E01EDA02D049)
0  0


000000fa
1714
7611
82
(0000000161E204C50A011FCA)
2  1


000000fa
3858
7612
82
(0000000161E406C50A011DD5)
2  1


000000fa
5772
7613
02
(0000000161E607C50A030DE0)
2  0


000000fa
4474
7614
02
(0000000161E807C50A011BD0)
2  0


000000fa
3782
7615
82
(0000000161EA07C50A011897)
2  1


000000fa
4042
7616
02
(0000000161EC07C50A016FCA)
2  0


000000fa
4736
7617
02
(0000000161EE07C50A011DDE)
2  0


000000fa
6168
7618
02
(0000000161F007C50A0119CD)
2  0


000000fa
4730
7619
02
(0000000161F207C50A030B37)
2  0


000000fa
24324
7620
00
(000000016742E01EDA02D049)
0  0


000000fa
2096
7621
02
(0000000161E204C50A0306E0)
2  0


000000fa
4206
7622
02
(0000000161E406C50A0175CA)
2  0


000000fa
6406
7623
02
(0000000161E607C50A030D78)
2  0


000000fa
5186
7624
82
(0000000161E807C50A011BD0)
2  1


000000fa
4410
7625
82
(0000000161EA07C50A016FCA)
2  1


000000fa
4226
7626
82
(0000000161EC07C50A012277)
2  1


000000fa
5738
7627
02
(0000000161EE07C50A016F72)
2  0


000000fa
7334
7628
02
(0000000161F007C50A0318BE)
2  0


000000fa
6174
7629
82
(0000000161F207C50A0305E0)
2  1


000000fa
21426
7630
80
(000000016742E01EDA02D049)
0  1


000000fa
1952
7631
02
(0000000161E204C50A016BB8)
2  0


000000fa
4654
7632
82
(0000000161E406C50A011DD5)
2  1


000000fa
6340
7633
02
(0000000161E607C50A0119CD)
2  0


000000fa
4422
7634
02
(0000000161E807C50A011DD7)
2  0


000000fa
3750
7635
82
(0000000161EA07C50A05FB81)
2  1


000000fa
3556
7636
02
(0000000161EC07C50A016FCA)
2  0


000000fa
3722
7637
02
(0000000161EE07C50A0177CA)
2  0


000000fa
4856
7638
82
(0000000161F007C50A05FB80)
2  1


000000fa
4988
7639
82
(0000000161F207C50A0119CD)
2  1


000000fa
23046
7640
00
(000000016742E01EDA02D049)
0  0


000000fa
1572
7641
02
(0000000161E204C50A017D72)
2  0


000000fa
4082
7642
82
(0000000161E406C50A0119CD)
2  1


000000fa
5598
7643
82
(0000000161E607C50A0179CB)
2  1


000000fa
5218
7644
82
(0000000161E807C50A016CF7)
2  1


000000fa
5072
7645
82
(0000000161EA07C50A065B81)
2  1


000000fa
4426
7646
82
(0000000161EC07C50A0321F8)
2  1


000000fa
6050
7647
82
(0000000161EE07C50A016CF7)
2  1


000000fa
7162
7648
02
(0000000161F007C50A016FCA)
2  0


000000fa
5270
7649
82
(0000000161F207C50A065888)
2  1


000000fa
22910
7650
00
(000000016742E01EDA02D049)
0  0


000000fa
1756
7651
82
(0000000161E204C50A0177CA)
2  1


000000fa
5018
7652
02
(0000000161E406C50A011DD5)
2  0


000000fa
7304
7653
82
(0000000161E607C50A0119CD)
2  1


000000fa
5442
7654
02
(0000000161E807C50A016CF7)
2  0


000000fa
5002
7655
02
(0000000161EA07C50A011CF5)
2  0


000000fa
4278
7656
82
(0000000161EC07C50A011CB6)
2  1


000000fa
4880
7657
82
(0000000161EE07C50A016CF7)
2  1


000000fa
6016
7658
82
(0000000161F007C50A016DC5)
2  1


000000fa
5048
7659
82
(0000000161F207C50A0319F8)
2  1


000000fa
23062
7660
80
(000000016742E01EDA02D049)
0  1


000000fa
1684
7661
82
(0000000161E204C50A0179CB)
2  1


000000fa
4262
7662
82
(0000000161E406C50A030D60)
2  1


000000fa
6612
7663
02
(0000000161E607C50A030DE0)
2  0


000000fa
5016
7664
82
(0000000161E807C50A030D60)
2  1


000000fa
4616
7665
02
(0000000161EA07C50A01717F)
2  0


000000fa
3568
7666
82
(0000000161EC07C50A0119CD)
2  1


000000fa
4458
7667
82
(0000000161EE07C50A016BBB)
2  1


000000fa
5562
7668
02
(0000000161F007C50A0171C5)
2  0


000000fa
4846
7669
82
(0000000161F207C50A016FCA)
2  1


000000fa
23574
7670
80
(000000016742E01EDA02D049)
0  1


000000fa
2014
7671
02
(0000000161E204C50A016CF5)
2  0


000000fa
5032
7672
02
(0000000161E406C50A011DC1)
2  0


000000fa
7806
7673
82
(0000000161E607C50A0121CB)
2  1


000000fa
6380
7674
82
(0000000161E807C50A011CF5)
2  1


000000fa
6000
7675
02
(0000000161EA07C50A02D1F2)
2  0


000000fa
6220
7676
82
(0000000161EC07C50A011FCA)
2  1


000000fa
6910
7677
82
(0000000161EE07C50A011BCA)
2  1


000000fa
8260
7678
82
(0000000161F007C50A011DC9)
2  1


000000fa
6312
7679
02
(0000000161F207C50A069BF7)
2  0


000000fa
21670
7680
80
(000000016742E01EDA02D049)
0  1


000000fa
2032
7681
82
(0000000161E204C50A061B8A)
2  1


000000fa
4946
7682
82
(0000000161E406C50A05FB84)
2  1


000000fa
8226
7683
02
(0000000161E607C50A07588F)
2  0


000000fa
6970
7684
82
(0000000161E807C50A012A2F)
2  1


000000fa
6204
7685
82
(0000000161EA07C50A02088D)
2  1


000000fa
5718
7686
82
(0000000161EC07C50A05F888)
2  1


000000fa
7464
7687
82
(0000000161EE07C50A061B83)
2  1


000000fa
9084
7688
02
(0000000161F007C50A05FB82)
2  0


000000fa
7308
7689
02
(0000000161F207C50A016BAD)
2  0


000000fa
21666
7690
00
(000000016742E01EDA02D049)
0  0


000000fa
2282
7691
82
(0000000161E204C50A016DCA)
2  1


000000fa
6356
7692
82
(0000000161E406C50A011DD5)
2  1


000000fa
8860
7693
82
(0000000161E607C50A011DDD)
2  1


000000fa
6270
7694
82
(0000000161E807C50A0121CB)
2  1


000000fa
6354
7695
82
(0000000161EA07C50A0315E0)
2  1


000000fa
6240
7696
02
(0000000161EC07C50A011DCB)
2  0


000000fa
6446
7697
82
(0000000161EE07C50A05FB81)
2  1


000000fa
7786
7698
02
(0000000161F007C50A016BAF)
2  0


000000fa
7298
7699
82
(0000000161F207C50A05E238)
2  1


000000fa
22552
7700
80
(000000016742E01EDA02D049)
0  1


000000fa
2882
7701
82
(0000000161E204C50A05D781)
2  1


000000fa
6216
7702
02
(0000000161E406C50A0119CD)
2  0


000000fa
9586
7703
82
(0000000161E607C50A0319C9)
2  1


000000fa
9562
7704
82
(0000000161E807C50A030560)
2  1


000000fa
7788
7705
02
(0000000161EA07C50A030D60)
2  0


000000fa
7386
7706
82
(0000000161EC07C50A02DC6E)
2  1


000000fa
10844
7707
82
(0000000161EE07C50A0D88C5)
2  1


000000fa
10142
7708
02
(0000000161F007C50A0607DE)
2  0


000000fa
7618
7709
82
(0000000161F207C50A0D88D5)
2  1


000000fa
25032
7710
00
(000000016742E01EDA02D049)
0  0


000000fa
2628
7711
02
(0000000161E204C50A016CDC)
2  0


000000fa
7958
7712
82
(0000000161E406C50A011DD5)
2  1


000000fa
11198
7713
82
(0000000161E607C50A011DCB)
2  1


000000fa
8822
7714
82
(0000000161E807C50A011BCD)
2  1


000000fa
8736
7715
82
(0000000161EA07C50A011BCB)
2  1


000000fa
6570
7716
82
(0000000161EC07C50A030DE0)
2  1


000000fa
9734
7717
82
(0000000161EE07C50A016CDC)
2  1


000000fa
11448
7718
02
(0000000161F007C50A01127D)
2  0


000000fa
10420
7719
02
(0000000161F207C50A016CDC)
2  0


000000fa
25054
7720
80
(000000016742E01EDA02D049)
0  1


000000fa
3544
7721
02
(0000000161E204C50A030D60)
2  0


000000fa
9860
7722
82
(0000000161E406C50A05C7E0)
2  1


000000fa
12994
7723
02
(0000000161E607C50A02D5E5)
2  0


000000fa
10726
7724
82
(0000000161E807C50A05BA81)
2  1


000000fa
9228
7725
02
(0000000161EA07C50A05C278)
2  0


000000fa
5824
7726
82
(0000000161EC07C50A0319DE)
2  1


000000fa
11612
7727
82
(0000000161EE07C50A05FB81)
2  1


000000fa
12888
7728
02
(0000000161F007C50A0119CD)
2  0


000000fa
10794
7729
02
(0000000161F207C50A05E238)
2  0


000000fa
23832
7730
00
(000000016742E01EDA02D049)
0  0


000000fa
5766
7731
02
(0000000161E204C50A0111AF)
2  0


000000fa
8446
7732
82
(0000000161E406C50A016D51)
2  1


000000fa
10626
7733
02
(0000000161E607C50A02D1F1)
2  0


000000fa
9878
7734
02
(0000000161E807C50A02D44E)
2  0


000000fa
10444
7735
82
(0000000161EA07C50A030BCB)
2  1


000000fa
10648
7736
82
(0000000161EC07C50A01107C)
2  1


000000fa
10834
7737
82
(0000000161EE07C50A02DEA0)
2  1


000000fa
11478
7738
82
(0000000161F007C50A030F37)
2  1


000000fa
10516
7739
02
(0000000161F207C50A02D567)
2  0


000000fa
22384
7740
00
(000000016742E01EDA02D049)
0  0


000000fa
5398
7741
82
(0000000161E204C50A02D5E0)
2  1


000000fa
8152
7742
02
(0000000161E406C50A0D08CB)
2  0


000000fa
11904
7743
82
(0000000161E607C50A05BA82)
2  1


000000fa
11416
7744
02
(0000000161E807C50A0E08E0)
2  0


000000fa
9746
7745
02
(0000000161EA07C50A0D6EC4)
2  0


000000fa
9320
7746
82
(0000000161EC07C50A07DBF7)
2  1


000000fa
10346
7747
02
(0000000161EE07C50A05C279)
2  0


000000fa
12102
7748
02
(0000000161F007C50A0D6231)
2  0


000000fa
10438
7749
82
(0000000161F207C50A07C238)
2  1


000000fa
23050
7750
00
(000000016742E01EDA02D049)
0  0


000000fa
5222
7751
82
(0000000161E204C50A02D5E0)
2  1


000000fa
9062
7752
82
(0000000161E406C50A05BACF)
2  1


000000fa
11074
7753
02
(0000000161E607C50A02DD60)
2  0


000000fa
9534
7754
82
(0000000161E807C50A05D582)
2  1


000000fa
9508
7755
82
(0000000161EA07C50A02DD60)
2  1


000000fa
10264
7756
02
(0000000161EC07C50A01107E)
2  0


000000fa
10054
7757
02
(0000000161EE07C50A01107E)
2  0


000000fa
10356
7758
02
(0000000161F007C50A02F9FE)
2  0


000000fa
10394
7759
02
(0000000161F207C50A011159)
2  0


000000fa
22464
7760
80
(000000016742E01EDA02D049)
0  1


000000fa
6118
7761
82
(0000000161E204C50A02D9F5)
2  1


000000fa
9342
7762
02
(0000000161E406C50A017D37)
2  0


000000fa
11716
7763
02
(0000000161E607C50A558086)
2  0


000000fa
10260
7764
02
(0000000161E807C50A0D08D6)
2  0


000000fa
8846
7765
82
(0000000161EA07C50A0E88F1)
2  1


000000fa
9088
7766
82
(0000000161EC07C50A0F88D5)
2  1


000000fa
9692
7767
82
(0000000161EE07C50A048232)
2  1


000000fa
10454
7768
82
(0000000161F007C50A0F6E11)
2  1


000000fa
9016
7769
82
(0000000161F207C50A0DEE28)
2  1


000000fa
20966
7770
00
(000000016742E01EDA02D049)
0  0


000000fa
5514
7771
02
(0000000161E204C50A011DD5)
2  0


000000fa
8452
7772
82
(0000000161E406C50A016BA9)
2  1


000000fa
11190
7773
82
(0000000161E607C50A02D9F3)
2  1


000000fa
9968
7774
02
(0000000161E807C50A05DA81)
2  0


000000fa
9942
7775
02
(0000000161EA07C50A02D1F2)
2  0


000000fa
9542
7776
82
(0000000161EC07C50A02D44E)
2  1


000000fa
9616
7777
82
(0000000161EE07C50A02D560)
2  1


000000fa
13016
7778
82
(0000000161F007C50A010FB8)
2  1


000000fa
12938
7779
02
(0000000161F207C50A030560)
2  0


000000fa
17058
7780
00
(000000016742E01EDA02D049)
0  0


000000fa
6286
7781
82
(0000000161E204C50A05D5AD)
2  1


000000fa
9020
7782
02
(0000000161E406C50A052231)
2  0


000000fa
13112
7783
02
(0000000161E607C50A0D08CB)
2  0


000000fa
11832
7784
02
(0000000161E807C50A05BA83)
2  0


000000fa
6596
7785
82
(0000000161EA04C50A046238)
2  1


000000fa
9306
7786
02
(0000000161EC06C50A048235)
2  0


000000fa
11536
7787
82
(0000000161EE07C50A020622)
2  1


000000fa
12896
7788
82
(0000000161F007C50A05A23B)
2  1


000000fa
10656
7789
02
(0000000161F207C50A05BA82)
2  0


000000fa
16004
7790
00
(000000016742E01EDA02D049)
0  0


000000fa
5342
7791
02
(0000000161E204C50A010E7D)
2  0


000000fa
7832
7792
02
(0000000161E406C50A016DAA)
2  0


000000fa
9208
7793
02
(0000000161E607C50A02D1F2)
2  0


